1 0.4703125 0.5763888888888888 0.071875 0.125
0 0.51953125 0.5805555555555556 0.0703125 0.13333333333333333
1 0.57265625 0.5805555555555556 0.0671875 0.13333333333333333
0 0.621875 0.5777777777777777 0.071875 0.13333333333333333
1 0.67265625 0.5819444444444445 0.0671875 0.125
0 0.753125 0.575 0.065625 0.12777777777777777
1 0.80859375 0.5763888888888888 0.0546875 0.11944444444444445
0 0.86015625 0.5805555555555556 0.0515625 0.12777777777777777
0 0.909375 0.575 0.053125 0.12777777777777777
0 0.9625 0.5777777777777777 0.05625 0.12222222222222222
0 1.0125 0.5736111111111111 0.05 0.10833333333333334
0 1.065625 0.5736111111111111 0.053125 0.11388888888888889
0 1.121875 0.5638888888888889 0.05 0.10555555555555556
0 1.17734375 0.5652777777777778 0.0578125 0.11944444444444445
0 1.2359375 0.5652777777777778 0.05 0.11944444444444445
0 1.28828125 0.5625 0.0546875 0.10833333333333334
0 1.34609375 0.5625 0.0546875 0.10833333333333334
0 1.40234375 0.5569444444444445 0.0546875 0.10277777777777777
0 1.46328125 0.5611111111111111 0.0609375 0.1111111111111111
0 1.521875 0.5541666666666667 0.05625 0.125
0 1.5734375 0.5541666666666667 0.0625 0.10833333333333334
0 1.6328125 0.5486111111111112 0.071875 0.125
1 0.3953125 0.8013888888888889 0.084375 0.11944444444444445
1 0.44609375 0.7986111111111112 0.0828125 0.125
1 0.49921875 0.8027777777777778 0.0765625 0.12777777777777777
0 0.56328125 0.8027777777777778 0.0796875 0.11666666666666667
1 0.62578125 0.8055555555555556 0.0734375 0.12222222222222222
0 0.70078125 0.8041666666666667 0.0703125 0.11388888888888889
0 0.75078125 0.8027777777777778 0.0703125 0.12222222222222222
0 0.81953125 0.7916666666666666 0.0671875 0.11666666666666667
0 0.87265625 0.7958333333333333 0.0671875 0.11388888888888889
1 0.93046875 0.7930555555555555 0.0703125 0.125
0 0.99140625 0.7916666666666666 0.0640625 0.12222222222222222
0 1.04375 0.7930555555555555 0.0625 0.11944444444444445
0 1.10625 0.7902777777777777 0.059375 0.1361111111111111
0 1.1671875 0.7930555555555555 0.059375 0.11944444444444445
0 1.2265625 0.7861111111111111 0.06875 0.12777777777777777
0 1.29453125 0.7777777777777778 0.0609375 0.14444444444444443
0 1.3578125 0.7875 0.0625 0.14722222222222223
0 1.41875 0.7791666666666667 0.071875 0.14722222222222223
0 1.48203125 0.7833333333333333 0.0640625 0.1388888888888889
0 1.546875 0.7833333333333333 0.075 0.15
0 1.61328125 0.7819444444444444 0.0671875 0.14166666666666666
0 1.67890625 0.7833333333333333 0.0734375 0.13333333333333333
0 0.35234375 0.9236111111111112 0.0734375 0.15833333333333333
0 0.41015625 0.9277777777777778 0.0890625 0.16111111111111112
0 0.46484375 0.9194444444444444 0.0796875 0.16666666666666666
1 0.5203125 0.9347222222222222 0.08125 0.15833333333333333
1 0.58203125 0.9305555555555556 0.0734375 0.16111111111111112
1 0.67109375 0.9375 0.0609375 0.16944444444444445
1 0.734375 0.9333333333333333 0.084375 0.16666666666666666
0 0.7890625 0.9361111111111111 0.075 0.15555555555555556
0 0.8546875 0.9277777777777778 0.075 0.16666666666666666
0 0.91328125 0.9361111111111111 0.0609375 0.15
0 0.9796875 0.9361111111111111 0.065625 0.15
0 1.0375 0.9375 0.065625 0.14166666666666666
0 1.1046875 0.9319444444444445 0.053125 0.14166666666666666
0 1.16484375 0.9347222222222222 0.0640625 0.14166666666666666
0 1.22734375 0.9333333333333333 0.0578125 0.14444444444444443
0 1.29375 0.9277777777777778 0.0625 0.14444444444444443
0 1.3609375 0.9347222222222222 0.0625 0.14166666666666666
0 1.4234375 0.9305555555555556 0.071875 0.13333333333333333
0 1.4921875 0.9319444444444445 0.065625 0.14722222222222223
1 1.5578125 0.9263888888888889 0.078125 0.14722222222222223
0 1.62421875 0.9319444444444445 0.0703125 0.1361111111111111
0 1.696875 0.9194444444444444 0.084375 0.15
1 0.24375 1.2305555555555556 0.090625 0.16666666666666666
1 0.303125 1.2361111111111112 0.090625 0.15555555555555556
1 0.37421875 1.2375 0.0890625 0.15833333333333333
0 0.43828125 1.2333333333333334 0.0828125 0.15555555555555556
1 0.503125 1.2444444444444445 0.084375 0.15
1 0.6046875 1.2375 0.078125 0.14166666666666666
1 0.6734375 1.2333333333333334 0.08125 0.15555555555555556
1 0.7453125 1.2402777777777778 0.096875 0.16944444444444445
1 0.81015625 1.2402777777777778 0.0828125 0.15833333333333333
0 0.87734375 1.2472222222222222 0.0828125 0.16111111111111112
1 0.9421875 1.2444444444444445 0.071875 0.16111111111111112
0 1.01328125 1.2486111111111111 0.0734375 0.175
0 1.0828125 1.2416666666666667 0.075 0.15555555555555556
0 1.1578125 1.2444444444444445 0.071875 0.17222222222222222
0 1.228125 1.2402777777777778 0.071875 0.1638888888888889
0 1.30390625 1.2513888888888889 0.0734375 0.1638888888888889
0 1.37890625 1.2555555555555555 0.0828125 0.16666666666666666
0 1.453125 1.2513888888888889 0.084375 0.1638888888888889
0 1.528125 1.25 0.08125 0.17777777777777778
0 1.60234375 1.2555555555555555 0.0890625 0.18333333333333332
0 1.67421875 1.2472222222222222 0.0828125 0.17777777777777778
0 1.75 1.2430555555555556 0.096875 0.175
0 0.11875 1.4666666666666666 0.10625 0.15
0 0.19140625 1.4736111111111112 0.1109375 0.16944444444444445
0 0.275 1.4777777777777779 0.109375 0.17222222222222222
0 0.353125 1.4777777777777779 0.11875 0.17777777777777778
0 0.43828125 1.4736111111111112 0.1078125 0.18611111111111112
1 0.5140625 1.4736111111111112 0.10625 0.175
0 0.60078125 1.4708333333333334 0.1046875 0.15833333333333333
0 0.68984375 1.4791666666666667 0.1046875 0.15833333333333333
0 0.771875 1.4916666666666667 0.103125 0.16666666666666666
0 0.85859375 1.4819444444444445 0.0984375 0.1638888888888889
0 0.94140625 1.488888888888889 0.0828125 0.17222222222222222
0 1.02109375 1.4958333333333333 0.0921875 0.175
