579,239,-53,580,244,-47,581,245,-47,583,245,-47,574,244,-43,573,243,-43,571,243,-43,584,244,-9,568,242,9,582,235,-39,575,234,-33,603,220,-16,558,221,40,585,204,-98,536,219,54,566,230,-174,509,222,24,561,237,-193,503,223,19,562,238,-188,504,223,10,563,236,-173,506,222,18,594,147,-4,569,144,4,607,107,-82,580,101,9,611,62,-64,590,66,88,606,52,-63,594,58,93,622,49,-119,592,55,48,
577,240,-92,578,245,-87,579,245,-87,581,245,-87,573,244,-83,571,244,-83,570,244,-83,582,244,-44,567,242,-27,580,235,-75,574,234,-71,599,222,-49,555,222,9,584,207,-141,532,221,26,561,232,-236,509,224,-14,554,238,-262,502,225,-24,554,239,-259,502,225,-37,556,237,-236,505,224,-21,593,150,0,567,148,0,603,109,-51,577,102,-44,597,67,42,590,62,19,593,62,50,593,55,22,605,51,3,592,49,-39,
572,241,-97,573,246,-90,575,246,-90,576,247,-90,569,246,-87,567,246,-87,566,246,-87,579,246,-42,563,244,-30,575,237,-78,570,236,-75,593,223,-47,549,225,10,582,206,-138,525,221,17,554,229,-234,502,221,-31,544,231,-259,495,222,-43,543,233,-254,495,223,-56,545,232,-233,499,222,-39,588,150,-1,564,149,1,596,107,-55,572,104,-83,578,70,52,590,60,-12,567,64,62,594,53,-7,583,53,15,593,47,-68,
565,242,-122,567,247,-115,568,248,-115,570,248,-115,562,247,-111,560,247,-111,559,247,-111,573,247,-59,557,246,-44,568,238,-101,563,237,-97,589,224,-53,543,226,12,580,200,-143,521,218,77,546,219,-251,496,211,85,537,222,-275,490,210,83,537,224,-271,490,209,69,540,223,-251,492,208,79,581,153,-2,556,153,2,584,107,5,570,108,-99,559,69,136,589,60,-30,550,65,148,593,53,-26,558,53,98,594,46,-101,
559,242,-118,561,247,-111,563,248,-111,565,248,-111,556,247,-107,555,247,-107,553,247,-107,568,247,-58,551,247,-40,562,238,-97,557,237,-92,584,224,-47,537,226,18,575,194,-124,513,211,75,542,205,-222,488,194,55,532,207,-245,481,192,50,531,209,-241,481,191,35,534,208,-222,483,191,48,575,154,-4,550,153,4,570,102,-10,565,104,-79,543,64,84,587,59,-22,534,63,91,590,52,-20,546,45,37,593,45,-88,
552,241,-194,554,247,-189,556,247,-189,558,247,-189,549,246,-183,548,247,-183,546,247,-183,563,247,-132,546,246,-106,555,237,-171,550,237,-163,579,222,-105,532,225,-26,570,187,-149,510,202,46,543,182,-238,485,179,37,535,181,-258,477,173,40,533,185,-261,477,172,14,534,186,-240,479,173,29,566,155,-8,540,154,8,561,103,-11,558,104,-76,536,63,76,581,59,-8,528,62,82,585,54,-5,544,43,20,581,46,-75,
544,238,-244,547,243,-240,549,243,-240,551,243,-240,543,244,-236,542,244,-236,541,245,-236,555,245,-182,542,245,-167,547,234,-219,543,235,-215,573,217,-132,527,225,-100,569,181,-137,507,192,-59,546,164,-202,486,164,-107,545,156,-222,478,157,-124,540,160,-246,479,156,-143,539,163,-209,483,158,-117,559,150,2,534,153,-2,556,102,64,546,104,-47,536,63,197,556,61,41,528,61,208,561,56,47,544,44,153,555,46,-29,
538,236,-234,541,242,-228,543,242,-228,544,242,-228,538,242,-226,537,243,-226,536,244,-226,548,243,-167,537,244,-156,541,233,-208,537,234,-205,567,214,-110,520,222,-97,571,179,-104,505,187,-65,562,157,-174,490,157,-125,561,150,-196,483,148,-145,559,154,-215,483,148,-166,558,156,-182,486,150,-135,552,146,3,526,150,-2,552,99,3,531,103,0,533,58,99,539,64,155,527,54,106,539,57,168,542,43,48,538,48,113,
532,238,-193,536,242,-185,537,242,-185,538,242,-185,532,243,-183,530,244,-184,529,245,-184,542,243,-126,530,245,-119,535,233,-169,530,235,-167,560,215,-98,512,220,-73,572,182,-48,502,186,-68,584,160,-110,498,160,-147,590,155,-127,497,152,-169,589,155,-144,500,153,-183,587,157,-119,501,155,-155,546,144,3,519,148,-3,549,96,-4,510,106,-81,533,59,139,511,65,84,526,54,150,513,59,137,543,43,92,505,48,32,
527,241,-177,531,245,-169,532,245,-169,534,245,-169,527,247,-169,525,248,-169,524,248,-169,536,244,-109,523,248,-110,529,236,-153,524,238,-154,551,216,-51,504,221,-78,573,183,-13,498,188,-121,600,171,-71,510,171,-230,609,167,-85,515,165,-256,610,167,-105,517,167,-263,606,168,-81,516,169,-236,538,145,6,511,148,-6,544,98,46,492,107,13,533,59,162,481,65,124,527,54,170,482,60,133,543,43,111,474,50,68,
521,243,-193,525,248,-185,526,248,-185,528,248,-185,520,250,-187,518,251,-187,517,251,-187,529,247,-120,516,251,-127,522,239,-166,517,240,-168,546,222,-45,496,223,-103,574,200,-2,494,191,-178,610,178,-40,522,188,-292,620,175,-47,531,189,-318,621,171,-66,533,194,-316,618,169,-49,531,194,-292,534,145,8,506,149,-8,538,98,60,482,111,3,532,60,191,457,71,92,527,54,201,454,62,98,541,43,148,443,64,35,
514,246,-188,518,251,-167,519,251,-167,521,251,-167,513,253,-185,511,253,-185,510,254,-185,523,250,-90,509,254,-117,515,241,-146,510,242,-165,540,226,-27,488,227,-85,574,214,-23,495,199,-187,608,207,-62,530,211,-290,618,207,-70,539,214,-318,619,207,-86,540,217,-310,616,206,-70,537,216,-290,528,146,7,499,149,-7,533,98,60,467,109,-92,530,65,232,440,64,-78,525,62,246,438,50,-80,538,45,203,427,61,-157,
507,248,-128,511,253,-115,512,253,-115,514,253,-115,507,255,-118,505,255,-118,504,256,-118,516,252,-47,504,256,-55,508,243,-102,504,244,-105,533,227,-4,485,230,-67,570,225,-19,496,211,-165,601,227,-55,531,229,-259,611,228,-64,538,235,-288,613,228,-77,538,237,-280,610,227,-62,535,235,-259,521,146,6,491,150,-6,526,95,47,459,109,-112,523,68,232,433,58,-115,520,66,248,433,44,-119,526,46,207,414,62,-198,
505,249,-92,508,254,-78,509,254,-78,510,254,-78,504,256,-82,503,257,-82,501,258,-82,511,254,-10,501,258,-27,505,245,-66,501,245,-71,528,229,24,482,234,-53,561,230,15,497,221,-161,593,234,-6,531,239,-244,602,237,-11,537,246,-271,603,238,-24,536,247,-265,600,237,-13,534,244,-244,513,146,6,482,151,-6,516,95,31,449,108,-111,511,72,232,428,57,-88,507,72,250,431,45,-89,509,46,210,409,59,-168,
503,250,-86,506,256,-74,508,256,-74,509,256,-74,501,257,-76,500,258,-76,498,259,-76,510,256,-7,496,260,-16,504,246,-60,499,247,-63,524,235,32,479,237,-33,556,237,26,493,218,-144,592,234,1,526,233,-240,596,236,-4,533,239,-265,597,236,-17,532,242,-260,594,235,-5,530,240,-240,509,149,3,477,156,-3,504,96,18,444,108,-82,494,70,208,427,55,-56,491,71,225,430,44,-58,492,46,184,407,49,-137,
501,253,-79,505,258,-69,506,258,-69,508,258,-69,500,259,-69,498,260,-69,497,261,-69,510,260,-2,495,262,-1,503,249,-52,497,250,-52,524,243,43,477,238,10,557,234,39,484,213,-76,587,225,-3,525,222,-208,595,225,-14,527,225,-222,595,225,-28,527,227,-230,592,224,-11,526,226,-220,506,154,-5,476,161,5,494,99,-26,444,112,-88,475,65,105,427,55,-68,470,61,115,430,45,-71,472,45,58,409,45,-149,
502,254,-80,505,259,-69,506,259,-69,507,259,-69,500,260,-71,498,261,-71,496,262,-71,509,260,2,493,263,-5,502,249,-52,497,250,-54,521,243,53,474,240,13,545,229,80,475,213,-27,566,213,44,507,200,-101,573,206,33,514,197,-121,572,204,18,516,200,-129,569,206,36,514,202,-105,502,158,-5,471,166,5,488,103,-53,442,113,-71,461,57,13,425,56,-29,455,50,15,426,46,-31,461,41,-59,411,45,-118,
500,253,-98,502,258,-88,503,258,-88,505,259,-88,498,259,-90,496,260,-90,495,261,-90,505,260,-20,491,263,-28,500,249,-70,495,250,-73,518,243,38,472,239,-10,533,227,74,471,208,-28,549,196,26,488,178,-81,554,188,13,490,166,-100,554,187,-4,495,168,-113,551,189,17,496,172,-87,495,158,4,465,166,-4,479,102,-25,440,111,-34,450,53,49,421,56,26,443,47,53,419,46,28,456,38,-9,412,41,-42,
498,254,-104,500,259,-95,501,259,-95,502,259,-95,496,260,-94,494,261,-94,492,262,-94,503,260,-29,488,263,-50,498,250,-78,493,250,-74,515,240,31,468,238,-30,521,209,57,465,200,-37,531,183,-4,467,162,-78,536,176,-18,464,149,-94,536,175,-37,468,148,-109,534,178,-14,470,152,-84,491,157,18,464,163,-18,474,99,2,442,109,-46,443,51,64,415,56,7,435,44,66,412,47,10,456,36,6,413,40,-47,
497,260,-165,498,265,-154,500,265,-154,501,265,-154,493,266,-159,491,266,-159,490,267,-159,501,264,-80,486,265,-104,498,254,-136,492,255,-143,513,237,-8,465,237,-73,511,202,17,454,195,-48,517,181,-74,441,159,-99,520,173,-91,434,149,-114,522,173,-110,436,148,-130,519,176,-84,440,151,-105,490,156,26,464,162,-26,476,99,4,447,109,-64,441,53,77,417,59,0,432,47,80,412,51,2,454,35,23,418,41,-64,
493,264,-200,496,269,-189,497,269,-189,499,269,-189,490,270,-190,488,270,-190,486,270,-190,500,267,-110,483,268,-118,496,258,-169,488,259,-171,511,237,-40,460,238,-70,510,193,-75,439,198,-41,505,189,-218,417,167,-80,502,178,-244,408,156,-90,502,191,-250,410,155,-109,503,191,-223,414,158,-87,490,158,29,462,165,-29,477,99,3,453,112,-95,444,54,84,429,62,-7,435,48,89,423,56,0,454,36,32,423,41,-69,
493,268,-180,495,274,-169,497,274,-169,499,274,-169,489,275,-171,487,275,-171,485,275,-171,499,272,-96,482,274,-106,495,262,-152,488,263,-155,511,236,-48,458,243,-60,509,191,-107,428,206,-41,502,206,-233,399,175,-86,499,214,-257,388,167,-97,499,220,-256,389,166,-116,498,218,-235,394,169,-94,489,161,24,462,168,-24,477,104,14,468,127,-173,444,55,89,450,63,-124,436,49,94,446,56,-123,452,37,35,452,42,-199,
490,274,-165,493,280,-155,495,280,-155,497,280,-155,486,281,-156,484,281,-156,482,281,-156,498,278,-86,479,280,-93,493,267,-138,485,268,-140,511,241,-49,457,251,-44,513,197,-109,423,222,-19,499,225,-216,394,201,-62,493,234,-239,381,191,-70,493,240,-234,382,188,-90,494,237,-216,387,191,-71,490,164,10,462,170,-10,476,105,-33,471,122,-61,445,54,-19,478,62,2,435,47,-21,482,52,4,456,37,-87,478,42,-58,
490,280,-140,493,287,-129,494,287,-129,496,286,-129,486,288,-131,484,288,-131,482,289,-131,497,285,-58,478,287,-69,492,274,-113,485,275,-116,510,249,-38,455,258,-23,517,205,-85,417,235,-10,497,239,-195,385,216,-54,491,249,-217,374,209,-63,490,253,-210,376,207,-81,492,249,-194,380,208,-62,491,170,14,463,172,-14,474,110,34,476,119,-127,445,56,77,495,61,-108,435,49,76,495,46,-110,455,37,19,504,39,-186,
488,287,-116,491,293,-103,493,293,-104,494,293,-104,485,294,-107,482,295,-107,480,295,-107,495,291,-27,476,293,-45,490,281,-87,483,282,-92,508,258,15,454,267,-11,519,219,-58,416,246,-5,496,250,-178,378,230,-54,489,260,-203,368,226,-67,487,263,-198,369,223,-85,489,260,-179,373,224,-63,491,174,34,464,176,-35,479,110,76,479,118,-132,446,68,177,499,51,-118,432,63,185,498,37,-121,456,41,137,511,40,-202,
481,292,-106,485,298,-95,487,298,-95,489,297,-95,479,298,-96,477,298,-96,475,298,-96,492,296,-25,473,297,-28,485,285,-79,478,286,-80,506,264,7,452,272,8,521,228,-79,413,253,21,495,256,-216,376,240,-30,487,264,-242,365,239,-42,485,267,-236,366,237,-61,487,265,-216,370,237,-39,492,178,29,464,179,-29,486,115,42,481,117,-129,448,76,150,501,49,-111,435,74,160,500,37,-113,457,45,120,517,33,-193,
481,297,-95,484,303,-83,486,303,-83,488,303,-83,478,303,-85,476,303,-85,474,303,-85,490,300,-9,471,301,-20,485,291,-67,477,291,-71,504,269,27,450,274,9,523,234,-62,411,255,22,499,259,-199,374,245,-25,490,265,-225,363,243,-37,487,267,-219,364,242,-56,489,265,-199,368,241,-34,492,181,36,464,181,-36,496,115,33,487,116,-143,448,78,141,504,45,-124,435,77,151,502,35,-125,456,45,114,521,30,-204,
481,299,-97,483,305,-85,485,305,-85,487,305,-85,477,305,-87,475,306,-87,473,306,-87,488,304,-10,469,304,-18,483,293,-69,476,293,-71,503,272,26,448,276,17,527,238,-64,410,256,39,500,255,-222,372,244,-9,492,258,-252,361,241,-23,488,262,-247,362,239,-43,489,261,-224,366,239,-19,493,184,34,463,183,-34,499,116,21,490,117,-131,449,75,126,505,46,-101,435,72,135,502,36,-102,457,44,92,522,29,-183,
478,302,-122,481,308,-110,483,308,-110,484,308,-110,475,308,-108,472,308,-108,470,308,-108,486,305,-35,467,306,-30,481,295,-94,474,296,-92,503,273,-8,446,278,3,528,237,-97,411,256,30,500,250,-251,375,237,-19,494,249,-281,364,233,-34,488,252,-280,365,231,-55,488,252,-253,369,232,-29,493,187,32,463,186,-33,498,119,13,490,119,-129,453,75,121,505,47,-93,438,67,130,503,38,-93,458,44,82,523,30,-179,
476,303,-243,479,309,-230,481,309,-231,483,309,-231,472,309,-232,470,309,-232,468,310,-232,484,307,-143,464,307,-149,480,296,-210,472,296,-212,503,270,-83,443,276,-83,524,232,-138,409,249,-40,503,231,-299,382,230,-88,498,229,-332,370,230,-107,494,235,-339,373,229,-129,494,236,-304,377,226,-99,492,186,30,461,185,-30,498,118,32,489,120,-109,461,61,139,506,52,-34,448,53,146,507,43,-32,468,34,78,529,30,-128,
473,303,-176,476,309,-165,478,309,-165,480,309,-165,470,309,-166,468,309,-166,466,309,-166,482,306,-92,463,306,-99,478,296,-148,469,296,-150,501,267,-19,442,275,-48,511,229,-52,412,246,-9,505,219,-229,387,212,-54,500,216,-257,376,200,-71,497,222,-310,378,198,-95,497,224,-255,382,202,-64,485,185,34,453,186,-34,489,117,32,487,126,-133,463,48,100,512,63,-84,453,38,102,512,54,-84,477,27,25,538,50,-179,
472,301,-116,475,307,-105,477,307,-105,479,307,-105,469,307,-102,466,307,-102,464,306,-102,481,305,-41,462,304,-30,477,294,-92,469,294,-89,501,266,-5,441,273,18,509,214,-71,415,236,63,504,220,-220,395,197,28,501,233,-245,387,184,21,498,240,-258,391,183,1,499,238,-227,395,187,20,480,183,19,447,185,-19,484,114,8,485,138,-157,463,43,42,520,91,-121,452,32,42,518,88,-121,479,26,-29,533,82,-196,
473,303,-56,475,309,-44,477,309,-44,479,310,-44,469,309,-41,467,309,-41,465,309,-41,481,307,21,462,306,31,478,297,-31,470,297,-28,501,267,43,441,276,79,505,218,-51,417,236,131,497,266,-163,404,193,115,494,280,-180,400,180,115,494,284,-176,404,179,96,494,280,-163,407,183,108,478,183,10,444,190,-10,482,115,10,466,175,-248,462,44,-2,517,132,-379,451,32,-7,520,119,-394,481,26,-56,536,149,-457,
470,314,-54,472,319,-46,474,319,-46,476,319,-46,465,319,-41,463,319,-41,461,319,-41,478,317,13,459,318,32,475,308,-30,466,309,-25,497,282,44,439,290,84,501,244,-55,415,250,147,492,296,-172,408,205,129,491,310,-193,405,183,128,491,312,-189,410,180,109,490,307,-173,414,187,122,477,195,8,444,202,-8,479,117,-21,470,193,-264,462,44,-49,517,163,-395,452,31,-56,524,148,-411,481,26,-105,532,190,-470,
464,328,-26,466,333,-16,468,333,-16,471,333,-16,460,334,-11,458,334,-11,456,334,-11,475,331,45,454,331,64,469,322,-2,461,323,3,496,297,66,435,302,107,498,272,-56,413,266,120,491,324,-180,408,230,50,490,337,-203,404,215,41,489,338,-199,411,215,25,488,334,-181,415,219,43,475,211,6,440,219,-5,475,128,-20,460,217,-284,463,47,-80,512,183,-462,453,36,-91,514,168,-483,479,26,-146,527,207,-549,
457,343,0,458,348,9,460,349,9,462,349,9,452,348,15,450,347,15,448,347,15,466,347,64,447,344,90,462,337,20,455,336,27,492,313,71,430,311,129,499,299,-57,410,279,148,487,351,-164,408,249,97,484,365,-184,402,236,92,483,365,-171,407,235,81,482,360,-161,411,239,92,474,220,1,437,229,0,475,140,-18,462,262,-256,466,57,-19,487,191,-320,458,52,-23,499,177,-328,479,27,-104,513,197,-409,
454,350,-49,455,358,-38,457,358,-38,460,359,-38,448,356,-35,446,355,-35,443,355,-35,464,360,28,442,353,44,460,344,-23,451,343,-18,488,323,59,428,323,91,498,314,-47,406,288,126,482,362,-152,403,259,97,478,375,-172,398,246,96,477,376,-160,404,246,79,476,372,-150,408,250,91,472,223,5,434,234,-5,478,159,-20,454,270,-258,466,82,-18,463,218,-284,458,77,-20,463,207,-286,479,45,-80,475,212,-346,
450,361,-61,451,369,-51,454,370,-51,456,371,-51,444,366,-47,442,365,-47,439,365,-47,461,371,14,439,362,33,456,356,-35,448,354,-30,487,337,45,423,333,83,497,321,-50,402,294,124,474,367,-163,397,265,87,469,380,-185,392,252,83,467,381,-176,398,253,65,467,376,-162,402,257,80,472,238,7,431,246,-6,486,180,-42,456,274,-280,464,111,-11,443,204,-229,457,107,-11,443,191,-219,465,73,-80,452,181,-273,
445,369,-102,447,376,-92,449,377,-92,452,378,-92,440,374,-86,438,373,-86,436,373,-86,459,376,-22,435,370,3,452,364,-75,443,362,-67,484,344,13,420,341,62,493,322,-96,400,301,92,469,365,-237,392,268,26,463,376,-267,387,255,16,461,378,-259,391,255,0,462,374,-237,395,259,19,469,243,7,430,251,-7,491,200,-156,452,268,-300,461,146,-61,421,194,-214,452,143,-54,417,181,-204,456,105,-131,418,164,-274,
442,370,-130,443,377,-122,445,378,-122,447,378,-122,437,375,-117,435,375,-117,433,374,-117,454,377,-59,432,372,-35,448,365,-105,440,364,-98,482,348,-22,418,341,4,488,317,-122,396,302,13,462,358,-261,389,272,-48,456,370,-291,383,259,-60,455,373,-282,387,259,-73,457,369,-260,391,263,-54,464,248,6,427,253,-6,493,225,-220,423,233,-272,455,171,-58,410,175,-82,444,170,-43,408,162,-67,449,137,-109,416,123,-141,
436,372,-130,437,380,-125,439,380,-125,441,381,-125,431,378,-119,429,377,-119,427,377,-119,448,379,-76,427,375,-48,442,367,-110,435,366,-102,480,346,-48,414,337,-27,485,311,-137,395,298,-65,455,351,-238,387,271,-160,449,363,-264,380,259,-179,449,366,-255,384,260,-189,450,361,-237,388,264,-166,465,249,4,425,251,-4,492,246,-248,412,227,-222,449,196,-76,397,168,-73,439,194,-59,399,157,-60,441,162,-115,386,126,-130,
431,374,-183,432,381,-173,434,381,-173,437,382,-173,426,379,-170,424,378,-170,422,378,-170,442,379,-108,421,374,-92,437,368,-159,429,366,-154,475,344,-77,410,334,-61,484,303,-179,394,295,-104,448,342,-312,387,269,-198,440,353,-344,380,258,-218,441,357,-333,384,260,-229,442,353,-311,388,263,-204,465,254,2,424,253,-3,490,256,-296,397,212,-143,443,206,-142,385,142,-49,435,207,-127,389,134,-44,428,177,-192,364,115,-132,
427,372,-192,429,378,-182,431,379,-182,434,379,-182,422,377,-178,420,376,-178,417,375,-178,439,377,-113,416,371,-97,433,366,-166,425,363,-161,470,342,-79,404,330,-55,483,300,-168,390,291,-92,447,325,-307,385,268,-198,436,334,-341,380,256,-222,434,339,-335,384,259,-234,437,337,-307,387,264,-205,465,253,1,425,250,-1,489,257,-299,392,201,-146,439,203,-174,371,122,-81,431,203,-162,373,111,-80,421,176,-232,350,83,-176,
417,366,-219,420,373,-211,423,374,-211,425,374,-211,413,371,-205,411,371,-205,409,370,-205,432,372,-140,409,367,-113,424,360,-192,416,357,-184,466,335,-92,398,330,-60,482,286,-184,387,288,-110,446,301,-354,384,266,-271,434,305,-393,380,254,-302,433,312,-392,384,258,-315,435,311,-356,387,262,-280,460,245,1,418,243,-1,487,249,-271,384,168,-63,437,189,-161,360,84,4,428,187,-152,364,76,5,422,162,-229,343,55,-94,
412,362,-220,415,371,-210,417,372,-210,420,373,-210,407,368,-207,405,366,-207,403,365,-207,426,372,-127,403,361,-111,419,356,-187,411,354,-183,461,329,-67,391,319,-50,483,275,-147,382,272,-111,453,279,-317,380,260,-296,444,277,-356,378,254,-332,440,285,-360,382,254,-344,442,286,-321,384,258,-305,456,234,1,413,225,-1,474,231,-273,380,145,-46,435,168,-132,357,64,25,426,169,-119,363,57,26,425,139,-198,340,45,-77,
408,348,-237,410,356,-227,412,357,-227,414,357,-227,402,354,-223,400,353,-223,398,352,-223,421,355,-141,397,348,-122,414,342,-204,406,340,-199,456,314,-82,386,304,-54,483,264,-141,376,255,-122,469,259,-304,372,249,-322,465,257,-340,370,247,-359,462,264,-350,372,251,-371,461,265,-310,374,252,-331,456,216,-9,412,210,9,460,208,-282,380,132,-38,437,133,-100,365,50,59,430,127,-72,373,37,63,431,104,-145,338,30,-33,
403,333,-177,405,340,-160,407,341,-160,410,341,-160,399,339,-158,396,338,-158,394,338,-158,417,338,-68,394,334,-56,409,326,-141,401,325,-139,451,298,-17,380,290,0,480,264,-99,361,247,-88,486,255,-295,347,240,-283,492,255,-337,344,238,-316,489,257,-325,348,243,-326,485,257,-292,351,244,-291,451,201,-7,408,196,7,452,185,-283,379,129,-81,438,97,-369,366,42,-93,436,83,-383,375,28,-107,434,82,-502,339,26,-218,
398,324,-185,401,331,-172,404,331,-172,406,332,-172,395,330,-166,393,329,-166,391,329,-166,414,329,-96,392,326,-66,403,317,-157,396,316,-149,447,289,-69,379,279,0,481,257,-182,355,246,-49,493,266,-360,323,232,-266,496,272,-396,311,228,-263,491,277,-398,311,229,-279,488,275,-365,316,230,-242,449,190,-26,408,185,26,449,135,-252,369,118,-71,449,66,-219,367,42,9,449,57,-233,374,29,11,440,43,-274,337,26,-77,
396,320,-235,399,327,-226,402,327,-226,405,328,-226,393,325,-217,392,325,-217,390,324,-217,413,326,-160,391,321,-118,403,312,-210,396,311,-198,449,287,-134,379,270,-27,494,260,-277,342,235,-25,489,278,-449,290,218,-88,485,274,-480,277,211,-89,481,286,-469,277,211,-116,480,286,-447,281,213,-100,451,182,-44,411,177,44,446,123,-243,368,113,0,452,42,-202,364,41,86,455,28,-204,373,27,89,431,30,-310,335,25,10,
394,322,-214,398,330,-207,400,330,-207,403,331,-207,392,327,-198,391,327,-198,389,326,-198,413,329,-150,393,324,-106,402,315,-192,394,313,-179,447,295,-126,385,273,-25,493,263,-263,345,230,-14,466,300,-413,294,207,-62,456,311,-440,281,201,-61,452,313,-426,279,201,-84,452,309,-410,283,202,-74,456,186,-43,416,181,43,447,126,-216,380,115,36,453,36,-210,363,43,95,457,21,-215,369,31,95,423,24,-315,337,27,24,
394,324,-149,398,332,-143,400,333,-143,403,334,-143,392,331,-129,391,330,-129,390,330,-129,413,333,-99,394,327,-28,403,318,-132,395,316,-112,448,296,-99,394,278,59,477,280,-246,374,234,101,429,305,-394,309,210,41,416,315,-427,313,199,40,415,319,-414,315,200,12,418,315,-391,318,203,28,466,193,-57,430,187,56,447,129,-226,396,123,67,453,37,-271,370,48,111,460,22,-280,376,35,110,423,19,-382,341,29,48,
398,327,-95,402,335,-85,405,336,-85,407,336,-85,396,333,-72,395,333,-72,393,332,-72,416,335,-31,396,328,29,406,320,-76,398,319,-59,446,306,-61,402,284,104,452,280,-211,411,240,111,394,303,-345,397,219,4,379,311,-396,394,209,-10,378,315,-370,392,211,-34,383,312,-340,395,214,-7,473,195,-55,440,193,55,443,144,-244,408,132,-11,454,41,-257,403,53,6,461,26,-262,413,36,0,425,23,-364,366,31,-74,
401,331,-88,404,339,-85,407,340,-85,409,341,-85,399,338,-67,397,338,-67,395,338,-67,418,339,-45,400,336,36,408,324,-72,401,323,-48,440,309,-101,418,298,151,424,275,-214,402,254,77,375,288,-239,378,274,-102,362,290,-263,370,277,-123,364,295,-251,372,284,-111,369,293,-232,377,281,-107,474,197,-87,453,195,87,431,131,-177,418,131,5,458,34,-222,454,49,22,470,20,-219,467,31,20,424,18,-274,426,29,-26,
402,338,-62,406,346,-71,407,346,-71,410,347,-71,404,346,-47,405,346,-47,405,346,-47,419,345,-64,414,344,33,409,330,-60,405,331,-29,431,311,-132,439,307,150,410,262,-132,423,255,196,370,269,-21,389,259,146,360,273,-31,386,254,146,364,277,-32,381,263,130,368,276,-18,388,258,137,473,198,-96,469,202,96,424,127,-178,427,134,158,466,38,-224,481,61,234,481,25,-228,497,58,240,424,17,-274,461,30,239,
414,342,209,417,350,187,418,350,187,419,350,187,420,351,201,422,351,201,425,352,201,429,347,110,436,348,175,418,334,184,420,335,203,426,310,15,481,311,180,405,257,12,530,289,210,380,254,55,560,287,232,368,258,47,570,279,232,368,265,51,566,285,236,372,265,59,560,284,235,460,200,-87,484,202,86,418,126,-143,443,135,123,467,41,-211,507,83,146,484,28,-214,528,84,147,426,16,-240,502,42,141,
449,346,378,446,353,353,444,352,353,442,352,353,453,353,360,456,353,360,460,354,360,442,348,248,465,350,280,448,339,343,455,339,352,424,310,132,501,313,222,403,259,174,557,302,191,400,244,304,593,282,183,378,241,315,602,269,179,396,244,317,601,270,189,411,244,310,597,273,188,449,200,-75,489,203,75,421,116,-70,468,136,104,466,38,-211,525,95,-14,475,24,-226,538,104,-29,426,14,-243,529,51,-23,
477,351,225,474,357,209,472,357,209,469,356,209,481,357,208,484,357,208,486,358,208,465,353,142,488,354,141,474,345,205,481,345,204,428,310,85,512,318,101,409,257,134,561,306,32,428,247,257,602,282,23,432,245,276,614,272,19,441,246,275,612,272,88,443,246,262,607,274,59,450,201,-29,495,203,29,425,115,-16,509,136,56,447,35,-211,536,102,-145,455,22,-232,544,95,-165,426,15,-253,544,59,-181,
505,348,220,500,355,218,497,355,218,495,355,218,505,355,200,505,355,200,506,355,200,488,352,201,500,353,120,500,342,216,504,342,192,438,307,193,511,323,13,412,257,235,553,301,-100,447,242,324,592,283,-139,455,237,348,602,273,-149,461,238,340,600,272,-122,460,239,324,597,275,-127,453,198,55,500,202,-55,434,118,73,548,136,-111,431,37,-146,545,92,-370,426,24,-175,536,85,-396,439,18,-211,558,49,-425,
524,347,59,523,354,82,523,354,82,522,354,82,522,355,33,521,355,33,520,355,33,513,353,96,510,354,-21,519,341,109,518,340,35,480,312,157,501,325,-100,483,260,192,526,297,-185,493,236,178,563,286,-181,496,225,182,566,284,-198,499,229,170,568,284,-184,499,233,171,565,285,-175,471,199,81,493,202,-81,461,115,57,561,145,-38,422,42,-1,550,78,-54,409,29,-8,536,69,-53,446,15,-46,575,38,-68,
529,353,19,528,361,35,528,361,35,527,361,35,526,362,1,524,362,1,522,363,1,517,361,92,511,362,-34,524,347,56,521,348,7,504,321,184,486,328,-106,507,276,303,467,313,-267,523,238,344,501,295,-400,528,243,361,508,285,-435,528,246,340,557,290,-424,527,244,337,543,292,-397,489,200,99,491,202,-99,481,113,91,573,152,-116,421,44,95,554,62,-81,404,33,92,540,48,-78,446,16,52,591,32,-116,
534,363,-87,533,370,-65,534,370,-65,534,371,-65,529,371,-87,526,372,-87,523,373,-87,527,369,48,512,370,-56,532,355,-44,527,356,-73,526,322,168,488,334,-96,551,277,291,436,317,-231,582,258,293,452,285,-374,592,253,303,453,277,-407,592,259,278,471,286,-403,589,259,283,471,284,-373,511,202,98,500,204,-98,497,112,69,569,156,-180,423,45,138,561,52,-132,404,39,142,548,40,-128,446,14,101,596,20,-185,
534,369,-125,537,376,-100,538,376,-100,540,376,-100,529,377,-114,526,378,-114,523,378,-114,538,373,22,515,375,-45,536,360,-80,527,361,-99,554,321,140,484,334,-51,592,279,187,430,308,-118,632,259,79,434,266,-229,649,254,56,429,250,-257,650,259,27,442,251,-271,643,260,61,444,254,-235,527,203,86,500,205,-85,515,113,55,556,155,-268,428,45,175,554,38,-244,414,43,182,542,27,-246,449,14,123,587,8,-344,
535,371,-205,538,378,-185,540,378,-185,543,378,-185,529,378,-189,526,378,-189,523,378,-190,544,375,-79,518,374,-101,539,362,-167,529,362,-173,573,321,6,489,330,-66,621,287,33,438,307,-71,670,263,-81,434,250,-135,683,260,-101,430,232,-152,683,262,-131,440,231,-185,679,263,-97,444,236,-147,550,203,56,513,205,-56,534,114,21,544,127,-170,457,55,153,546,29,-143,439,57,162,536,16,-147,456,16,87,582,6,-236,
537,370,-206,540,378,-187,542,378,-187,545,378,-187,531,377,-187,528,376,-187,524,376,-186,548,375,-91,520,370,-88,542,361,-171,533,359,-170,585,321,-30,498,321,-45,634,293,-99,440,284,-35,671,281,-285,445,236,-99,684,278,-321,441,216,-117,681,280,-340,451,218,-139,676,280,-298,455,223,-109,566,200,42,524,201,-42,555,114,74,536,116,-150,494,60,275,547,24,-125,478,62,292,542,12,-129,492,19,232,576,3,-242,
540,366,-265,544,374,-253,547,375,-253,549,375,-253,534,373,-246,530,373,-246,528,372,-246,555,372,-167,526,368,-132,547,358,-233,537,357,-223,597,321,-102,510,313,-65,652,294,-208,479,260,-22,679,293,-412,464,212,-80,688,294,-449,457,196,-94,664,297,-460,465,197,-116,656,296,-422,469,202,-89,580,197,11,533,197,-11,580,110,61,539,114,-155,556,75,367,557,20,-79,547,73,395,560,9,-76,568,42,331,571,-1,-206,
544,365,-266,548,373,-254,551,373,-254,554,374,-254,538,372,-249,535,371,-249,533,371,-249,561,371,-166,533,367,-138,552,356,-233,541,355,-225,602,321,-105,522,308,-74,650,292,-223,514,245,-53,627,303,-412,500,197,-167,621,309,-454,496,182,-198,614,315,-449,497,183,-222,613,313,-414,500,187,-180,595,194,-3,547,194,3,594,111,108,545,113,-139,603,81,432,560,24,-56,601,85,461,564,15,-53,607,51,385,568,1,-195,
548,365,-194,551,374,-182,555,374,-182,558,375,-182,542,372,-176,539,371,-176,537,371,-176,564,372,-101,537,367,-102,557,357,-163,547,356,-155,599,329,-85,533,309,15,614,290,-233,540,246,64,594,313,-427,529,198,-17,570,321,-472,524,183,-39,569,325,-465,524,185,-69,576,322,-428,527,189,-31,605,195,-29,560,194,29,616,112,71,547,111,-128,653,80,369,562,23,-51,658,84,395,568,15,-51,664,43,315,562,-2,-173,
549,368,-162,552,377,-153,555,378,-153,558,379,-153,545,375,-156,543,374,-156,541,374,-156,566,377,-97,544,371,-31,558,361,-138,549,358,-150,600,339,-134,551,317,76,600,301,-273,544,248,118,532,317,-370,526,226,39,516,318,-407,519,214,20,514,321,-397,522,217,-3,519,321,-367,525,222,25,617,201,-55,577,197,55,635,121,47,553,115,-152,690,85,272,560,22,-122,701,90,293,568,12,-125,704,43,221,549,0,-235,
554,373,-172,556,382,-171,559,383,-171,562,384,-171,549,380,-150,547,379,-150,545,378,-150,571,383,-131,550,376,-20,563,366,-154,555,362,-131,602,344,-183,575,333,113,575,305,-331,598,269,198,506,308,-417,606,241,184,488,307,-460,608,227,184,486,310,-446,608,232,158,491,311,-412,602,231,173,628,209,-92,594,204,92,655,130,-97,563,118,2,725,86,76,563,23,28,738,90,92,573,7,26,733,42,36,528,2,-50,
563,377,-180,565,387,-177,568,388,-177,571,390,-177,558,384,-153,556,383,-153,555,383,-153,579,389,-134,558,380,-20,573,371,-162,565,367,-130,609,352,-186,585,336,118,567,308,-317,605,274,199,496,303,-392,596,237,145,480,301,-437,596,222,138,478,301,-423,594,225,106,483,303,-387,595,229,131,644,216,-92,610,209,92,674,135,-116,579,120,34,752,88,40,570,26,104,766,90,54,582,12,108,757,42,-19,530,12,31,
571,379,-179,574,388,-177,577,389,-177,580,390,-177,568,386,-154,566,385,-154,565,385,-154,588,390,-131,570,383,-24,580,372,-159,573,369,-129,612,354,-184,594,340,122,564,304,-286,606,280,195,500,287,-339,596,245,125,489,278,-379,594,232,116,486,278,-368,592,234,89,490,280,-334,593,240,112,658,218,-100,626,210,99,690,137,-126,593,123,13,775,84,-9,605,27,108,792,86,0,619,15,114,773,35,-90,565,12,41,
581,376,-148,584,385,-158,586,386,-158,589,387,-158,579,383,-126,578,383,-126,577,382,-126,598,386,-116,584,380,-4,588,369,-139,583,367,-99,613,350,-171,613,340,151,565,302,-221,622,284,264,516,271,-144,598,256,272,506,261,-165,594,246,277,503,261,-165,594,247,249,507,264,-140,595,252,260,668,216,-102,642,209,101,703,135,-163,609,126,53,787,76,-110,641,34,142,809,73,-108,657,20,147,783,24,-204,607,12,91,
592,370,-111,593,378,-121,594,379,-121,596,380,-121,590,376,-92,590,376,-92,590,376,-92,605,381,-108,598,376,16,598,366,-104,595,364,-67,615,346,-171,643,340,164,571,299,-267,682,295,318,523,254,-259,735,290,434,512,244,-273,747,287,467,507,244,-256,747,291,454,509,247,-250,742,292,434,672,215,-119,664,210,119,709,134,-202,631,126,78,795,60,-198,675,38,170,814,58,-198,692,23,176,784,10,-279,638,12,134,
603,352,-53,603,361,-69,605,362,-69,606,363,-69,602,360,-40,602,360,-40,602,360,-40,616,366,-92,611,362,46,609,348,-55,608,347,-15,624,341,-164,658,338,177,586,291,-310,695,293,363,546,240,-384,744,292,538,539,229,-411,756,291,582,538,229,-397,755,295,571,541,232,-377,750,295,540,680,214,-122,679,209,121,712,124,-222,653,124,149,793,41,-259,699,40,263,815,36,-261,713,24,271,776,1,-343,660,12,240,
609,342,14,609,350,-8,609,351,-8,609,351,-8,610,351,16,611,351,16,612,351,16,618,353,-64,623,354,52,614,337,0,615,338,33,619,320,-151,672,331,155,596,264,-285,716,294,323,574,216,-239,750,297,487,569,202,-256,760,298,525,570,204,-253,757,300,515,573,208,-235,753,299,489,690,200,-118,700,206,118,710,108,-193,679,114,160,798,36,-209,713,35,275,822,33,-208,725,19,283,782,-11,-276,668,11,246,
618,329,94,618,339,65,619,339,65,619,339,65,620,340,87,622,341,87,624,342,86,628,340,-24,636,344,73,622,325,66,624,326,94,627,309,-146,686,321,149,620,246,-161,727,294,301,604,194,-73,743,303,471,600,181,-77,755,309,509,599,182,-75,747,305,500,601,186,-67,745,303,472,704,187,-113,717,196,113,714,95,-165,691,108,175,805,31,-169,713,34,295,831,28,-167,724,19,305,788,-14,-218,671,10,280,
624,324,96,626,334,70,626,334,70,627,334,70,626,334,93,627,335,93,628,335,93,637,334,-11,640,336,91,629,317,70,629,317,100,640,304,-137,691,315,169,645,242,-154,723,293,288,637,181,-59,714,291,397,633,167,-66,717,290,425,632,168,-61,711,290,412,635,172,-52,710,289,394,716,187,-110,729,195,110,721,93,-153,693,110,151,809,27,-166,714,34,243,835,21,-166,724,19,252,784,-8,-215,674,13,243,
629,325,31,632,335,11,633,335,11,634,335,11,632,335,38,633,335,38,634,335,38,644,336,-39,645,337,74,634,319,14,634,319,48,651,309,-157,693,315,162,672,255,-241,730,290,249,680,187,-255,739,249,245,677,172,-282,744,240,258,674,172,-269,738,239,233,676,177,-248,735,241,234,722,191,-112,732,196,112,722,95,-156,695,113,170,818,24,-172,712,34,267,839,16,-176,722,18,274,780,-8,-255,668,14,247,
634,327,4,636,335,-12,637,336,-12,638,336,-12,635,335,14,636,335,14,637,335,14,650,337,-44,649,336,73,641,321,-6,640,321,28,675,312,-149,685,307,180,708,238,-151,695,257,180,706,205,-49,657,261,54,706,194,-53,644,271,49,704,195,-60,646,277,43,703,199,-46,651,274,46,739,192,-107,734,196,107,728,95,-180,699,112,194,814,19,-223,714,31,286,836,12,-230,724,15,291,776,-15,-311,670,14,264,
639,331,-70,641,340,-84,642,341,-84,644,341,-84,639,339,-54,639,339,-54,640,339,-54,658,341,-98,653,341,39,647,325,-73,645,324,-34,695,323,-156,683,304,161,745,273,-258,687,231,190,737,231,-355,639,261,80,739,210,-384,626,271,75,732,213,-388,626,277,69,730,221,-355,631,275,74,755,198,-108,740,196,108,741,99,-185,703,113,181,818,17,-211,718,31,279,840,7,-218,731,14,285,778,-25,-318,673,14,244,
645,333,-52,646,344,-81,648,346,-81,651,348,-81,643,340,-41,643,339,-41,643,340,-41,665,353,-56,654,343,73,654,329,-69,650,325,-14,706,346,-103,685,301,194,759,333,-245,682,227,279,762,291,-412,627,257,218,765,276,-443,612,265,212,756,276,-450,611,274,220,754,279,-415,617,273,217,766,211,-106,744,200,106,756,100,-223,704,114,155,823,15,-299,736,33,237,840,6,-309,751,17,244,786,-28,-410,694,14,202,
652,351,-140,655,361,-138,658,363,-138,661,365,-138,649,358,-117,648,357,-117,647,357,-117,673,367,-89,657,356,7,661,346,-125,655,341,-95,714,356,-115,684,299,141,763,380,-287,681,232,233,775,334,-484,616,252,191,780,323,-518,600,258,190,771,320,-528,600,267,183,768,322,-490,605,267,187,774,219,-103,745,204,103,770,106,-231,703,114,86,825,17,-263,762,39,174,839,7,-270,779,26,179,784,-24,-375,730,9,131,
664,370,-159,668,380,-150,671,382,-150,675,384,-150,659,374,-136,657,373,-136,655,371,-136,685,383,-85,661,367,-13,676,365,-136,665,358,-115,724,366,-98,680,301,101,779,397,-267,679,235,144,783,371,-465,614,243,41,791,360,-505,597,247,23,779,354,-510,596,254,7,776,356,-471,602,254,31,779,223,-86,742,207,86,786,110,-219,705,114,-56,827,21,-197,784,43,40,838,12,-193,803,35,46,799,-25,-303,767,3,-29,
670,386,-154,675,395,-143,678,396,-143,681,398,-143,667,391,-130,665,389,-130,663,387,-130,693,396,-84,669,381,-9,681,380,-128,671,374,-110,741,374,-69,677,305,71,805,397,-260,676,242,19,793,399,-481,617,238,-181,792,393,-528,602,236,-219,780,388,-523,600,242,-235,778,386,-485,605,243,-195,784,226,-72,740,209,72,800,112,-213,714,114,-6,826,19,-189,797,46,123,836,9,-189,812,43,131,803,-35,-310,786,4,71,
679,395,-174,684,405,-158,688,406,-158,691,408,-158,675,401,-150,672,400,-150,670,399,-150,703,406,-74,675,395,-26,690,388,-139,679,383,-128,752,378,-39,675,318,62,827,377,-211,673,244,36,801,403,-445,622,235,-142,796,407,-493,608,229,-175,785,405,-486,605,237,-199,783,401,-448,610,239,-157,786,229,-62,737,212,62,808,113,-201,730,115,17,822,15,-164,803,46,141,831,6,-167,816,38,158,806,-33,-295,784,2,98,
686,404,-202,692,415,-184,696,416,-184,699,417,-184,682,412,-180,680,411,-180,677,411,-180,710,415,-79,681,406,-59,697,396,-163,684,393,-158,763,379,-33,674,331,26,835,371,-184,670,256,-2,805,407,-416,628,234,-181,797,415,-462,615,225,-212,788,415,-451,613,231,-239,788,412,-417,618,234,-197,787,232,-40,734,214,40,812,120,-89,750,114,26,822,17,20,797,35,174,827,8,23,808,29,186,821,-30,-105,778,-3,97,
695,409,-199,700,419,-177,704,420,-177,707,420,-177,690,417,-178,687,417,-178,683,416,-178,716,416,-62,683,409,-61,705,400,-155,691,397,-156,763,377,-4,673,334,25,831,361,-143,667,263,-11,810,405,-390,632,235,-209,804,417,-436,619,225,-243,795,418,-428,617,230,-272,795,414,-392,618,233,-226,786,232,-25,734,214,25,811,124,-56,764,113,35,820,16,49,803,28,174,826,8,52,811,21,185,825,-27,-78,786,-4,71,
702,412,-221,706,422,-197,710,422,-197,713,422,-197,696,421,-199,692,420,-199,689,419,-199,721,417,-63,686,412,-79,711,402,-173,697,400,-177,765,373,-11,673,337,19,830,358,-141,665,266,-8,815,402,-389,632,234,-205,810,414,-441,621,224,-238,801,416,-434,617,227,-270,801,411,-392,621,230,-222,785,230,-25,733,213,25,809,124,-42,765,112,37,819,17,88,800,25,184,825,9,92,807,17,192,826,-26,-43,784,-6,73,
706,415,-229,710,424,-206,714,423,-206,717,423,-206,700,423,-207,696,423,-207,692,422,-207,724,418,-74,689,414,-86,714,404,-182,701,403,-185,765,371,-18,673,342,8,829,356,-139,661,276,-5,827,395,-392,634,233,-169,824,408,-444,625,219,-198,815,411,-445,625,221,-229,814,405,-400,629,225,-186,785,228,-17,732,213,17,810,123,-30,761,110,36,819,14,106,793,22,215,824,5,111,800,15,225,829,-25,-27,782,-7,94,
711,414,-226,716,423,-204,719,423,-204,723,423,-204,705,423,-205,702,423,-205,698,423,-205,730,418,-81,694,416,-90,719,404,-182,706,403,-184,766,371,-29,673,349,-6,825,355,-162,657,283,-12,836,393,-429,637,230,-141,840,403,-482,633,213,-166,831,405,-488,636,213,-198,828,401,-439,639,218,-157,783,228,-13,731,213,13,811,123,-17,754,110,15,820,15,110,785,23,193,822,6,115,794,15,203,834,-18,-18,781,-9,70,
716,409,-236,721,419,-216,724,419,-216,728,419,-216,711,419,-219,708,419,-219,704,419,-219,732,417,-91,698,416,-106,722,400,-189,711,399,-193,766,373,-28,673,354,-21,823,357,-168,653,284,-34,839,383,-450,637,224,-169,847,395,-507,634,204,-196,839,398,-514,639,205,-229,834,392,-461,641,210,-185,779,228,-2,727,215,2,811,127,-62,747,117,-70,819,16,49,772,24,74,816,7,53,775,16,81,837,-17,-81,773,-9,-49,
724,406,-268,729,415,-251,732,415,-251,734,415,-251,720,414,-258,717,415,-258,713,415,-258,736,414,-120,707,414,-152,726,397,-216,716,395,-225,766,373,-23,674,357,-57,824,357,-133,652,283,-25,836,392,-426,634,216,-126,842,405,-474,631,195,-180,833,409,-475,639,195,-176,829,404,-431,640,201,-140,776,228,17,722,219,-17,810,133,-67,744,131,-29,819,19,41,739,40,142,813,9,46,732,31,163,843,-15,-80,763,-1,45,
734,391,-268,738,399,-252,740,400,-252,742,401,-252,729,400,-263,726,402,-263,722,404,-263,739,407,-114,712,413,-167,735,385,-212,724,386,-228,763,372,0,674,354,-74,823,356,-97,645,281,-17,829,403,-350,624,212,-71,831,413,-397,620,191,-84,822,415,-394,626,190,-119,819,411,-357,628,196,-85,768,228,34,713,218,-34,812,134,-105,733,133,-116,820,23,12,698,41,102,813,11,23,686,34,121,836,-10,-97,724,0,33,
737,374,-278,739,383,-261,741,383,-261,743,384,-261,732,383,-278,728,384,-278,724,386,-278,739,391,-119,712,394,-204,738,368,-220,728,369,-245,761,363,-1,673,351,-117,821,350,-94,638,280,-63,822,402,-326,613,207,-76,822,415,-368,606,186,-91,813,417,-362,610,183,-124,811,413,-332,613,189,-86,761,221,43,707,214,-43,811,132,-108,722,131,-186,822,24,-11,663,41,-23,814,12,-6,648,37,-10,842,-6,-110,674,-1,-102,
735,369,-298,736,378,-280,738,379,-280,740,380,-280,730,379,-301,726,381,-301,722,382,-301,735,384,-135,712,387,-235,735,364,-240,727,365,-269,759,350,-10,673,350,-161,819,335,-107,632,274,-143,811,396,-332,598,202,-187,805,411,-373,586,182,-202,795,413,-364,590,180,-235,794,407,-336,596,185,-200,751,209,57,702,203,-57,808,129,-85,712,125,-201,824,22,6,631,40,-60,815,11,9,615,37,-50,850,-7,-93,638,-3,-144,
735,364,-218,736,372,-197,737,373,-197,738,373,-197,730,374,-234,726,375,-234,723,377,-234,733,377,-62,713,380,-183,734,358,-163,726,360,-215,750,342,48,669,344,-136,818,328,-24,623,271,-135,794,394,-217,582,202,-184,790,406,-251,570,184,-200,782,407,-245,573,182,-233,779,402,-223,578,186,-197,740,200,67,694,195,-67,801,125,-61,699,111,-197,825,22,0,616,40,-59,817,11,-1,599,36,-48,849,-2,-99,617,-7,-131,
734,358,-231,734,367,-207,735,368,-207,736,368,-207,729,369,-244,725,370,-244,722,372,-244,731,373,-76,709,377,-210,733,352,-172,725,354,-223,741,337,25,661,342,-158,808,310,-59,609,271,-134,788,377,-266,566,207,-149,786,397,-300,555,189,-168,778,398,-293,558,187,-203,775,390,-271,563,192,-162,722,199,65,676,194,-65,783,116,-26,687,109,-161,828,14,-7,609,32,-63,824,5,-12,590,26,-57,852,-3,-115,620,-17,-151,
733,360,-156,733,370,-134,733,371,-134,734,371,-134,728,371,-163,725,372,-163,722,374,-163,727,375,-16,708,378,-158,730,351,-110,723,353,-149,732,330,63,657,342,-118,796,296,-18,601,278,-113,784,362,-212,547,222,-139,783,385,-241,535,203,-156,776,386,-236,536,199,-199,773,377,-217,541,204,-151,706,193,65,659,191,-66,766,104,5,667,107,-138,824,12,26,603,26,-24,821,1,23,583,18,-20,854,0,-66,618,-16,-115,
731,363,-181,731,374,-159,730,374,-159,729,374,-159,727,375,-183,724,376,-183,721,377,-183,717,377,-36,703,380,-157,724,355,-134,719,356,-167,723,326,50,646,342,-125,780,285,-24,581,289,-122,781,350,-225,526,245,-150,784,370,-257,514,228,-163,777,373,-254,516,225,-191,773,365,-232,521,229,-160,688,192,65,641,192,-65,746,104,40,651,108,-86,809,16,111,598,22,29,807,2,113,582,14,34,850,6,33,618,-9,-88,
718,366,-190,719,376,-172,718,376,-172,718,376,-172,713,376,-193,709,377,-193,704,378,-193,709,379,-44,688,381,-156,711,357,-138,704,358,-169,716,325,48,635,344,-118,764,275,-33,570,304,-128,778,335,-260,507,277,-176,783,356,-298,491,264,-191,777,361,-295,491,258,-219,774,353,-267,497,262,-189,672,196,62,621,197,-62,729,107,9,638,109,-143,782,16,59,595,22,-69,780,3,60,580,12,-67,828,5,-27,617,-8,-166,
700,372,-196,704,381,-177,706,380,-177,707,380,-177,696,383,-191,691,384,-191,686,385,-191,703,380,-55,674,384,-122,699,360,-148,688,362,-171,709,322,40,624,348,-92,748,265,-40,553,322,-117,772,327,-272,487,301,-147,779,348,-306,468,293,-159,774,354,-301,469,291,-182,771,346,-278,474,291,-161,660,198,58,606,202,-58,715,109,8,621,109,-161,756,17,66,592,19,-86,754,3,67,582,9,-84,801,3,-9,612,-8,-195,
686,380,-204,691,390,-184,694,389,-184,696,388,-184,681,392,-195,677,393,-195,673,393,-195,695,383,-73,664,389,-110,688,368,-163,675,371,-175,701,322,7,614,351,-73,730,259,-97,539,339,-93,762,319,-289,468,324,-136,770,339,-311,449,318,-147,767,347,-305,449,316,-168,762,339,-293,455,315,-150,649,199,54,596,205,-54,699,110,14,608,112,-163,732,20,96,591,20,-72,728,3,100,585,10,-68,777,4,23,603,-6,-183,
675,386,-246,680,395,-229,683,394,-229,686,394,-229,670,397,-231,666,398,-231,663,398,-231,686,388,-120,655,393,-124,678,374,-205,665,376,-209,694,324,-41,604,357,-78,714,258,-162,528,357,-99,748,318,-364,452,355,-153,758,338,-394,433,356,-166,755,345,-387,435,350,-186,749,338,-368,442,347,-167,638,200,53,585,209,-53,683,110,10,591,112,-130,713,21,101,586,17,-68,706,4,105,583,8,-46,756,3,20,604,-6,-144,
664,391,-263,669,400,-248,672,399,-248,675,399,-248,660,403,-249,657,403,-249,653,404,-249,677,393,-145,646,399,-147,667,379,-223,655,382,-225,687,326,-82,595,363,-79,692,257,-215,522,371,-92,734,317,-427,448,384,-140,743,338,-462,428,386,-150,743,345,-457,431,384,-170,737,337,-431,436,381,-155,632,201,36,577,210,-36,670,110,18,579,112,-59,692,22,151,582,15,58,683,5,161,583,7,64,732,3,71,596,-6,-59,
653,399,-251,658,408,-235,661,408,-235,664,407,-235,649,410,-237,646,411,-237,642,411,-237,667,401,-128,636,406,-139,658,387,-211,646,390,-215,678,329,-72,586,369,-76,675,260,-195,516,377,-87,714,319,-399,452,411,-153,726,336,-438,432,413,-173,726,345,-436,433,412,-194,720,338,-405,438,410,-168,627,205,30,571,212,-30,657,110,36,570,113,-57,672,24,212,579,16,74,663,10,226,582,7,81,706,2,135,587,-6,-45,
644,406,-246,650,414,-228,653,413,-228,656,413,-228,640,416,-231,637,417,-231,633,417,-231,659,407,-119,629,413,-125,648,394,-205,636,397,-209,673,337,-73,578,373,-53,659,262,-205,510,384,-47,691,325,-418,452,419,-117,699,342,-459,432,426,-139,701,349,-456,433,427,-161,696,342,-423,438,423,-133,624,209,18,566,216,-18,646,110,31,563,114,-96,644,34,232,574,15,60,634,22,250,581,8,70,667,2,148,577,-16,-62,
635,414,-261,642,422,-242,645,421,-242,648,420,-242,631,424,-241,628,424,-241,624,424,-241,651,414,-130,620,420,-126,639,401,-219,627,404,-218,668,346,-95,570,377,-40,654,264,-228,500,385,-23,669,328,-443,452,429,-103,672,345,-488,434,439,-127,674,351,-485,437,441,-150,672,345,-448,443,437,-119,624,212,2,564,218,-2,635,110,-85,558,115,-155,619,43,192,570,15,51,610,37,215,575,8,65,629,1,106,568,-25,-71,
620,421,-252,628,429,-241,632,429,-241,637,428,-241,617,431,-221,614,431,-221,610,431,-221,644,421,-123,609,426,-94,626,408,-212,614,410,-196,664,350,-94,568,381,4,654,265,-222,498,374,54,646,325,-427,456,425,-20,641,340,-468,441,439,-38,642,349,-464,444,441,-59,642,345,-430,449,436,-34,621,212,-10,561,218,10,616,108,-49,552,116,-141,579,44,262,569,12,43,570,46,290,576,6,55,571,6,200,549,-23,-75,
614,425,-200,621,435,-186,625,434,-186,629,434,-186,610,436,-176,607,437,-176,604,437,-176,636,426,-89,601,430,-57,620,413,-165,608,414,-154,660,355,-73,562,381,32,659,270,-195,498,365,29,626,317,-407,461,410,-102,611,326,-444,447,427,-138,611,338,-452,451,430,-150,614,336,-417,455,426,-113,618,212,-13,559,218,13,601,109,-37,548,116,-165,563,46,222,564,5,-55,543,39,243,571,0,-51,553,10,157,536,-15,-179,
607,429,-177,614,438,-161,618,438,-161,622,437,-161,603,439,-154,600,440,-154,596,440,-154,628,430,-60,593,434,-35,611,416,-139,600,417,-131,653,361,-48,556,381,71,658,277,-133,498,358,43,602,295,-311,467,393,-170,582,295,-349,452,406,-208,579,305,-348,455,409,-221,583,308,-310,460,405,-182,611,212,-21,555,220,21,578,111,-61,544,117,-128,533,45,155,559,7,-19,521,38,172,568,2,-14,527,9,71,542,-19,-137,
596,430,-197,603,440,-180,607,440,-180,611,439,-180,592,440,-177,589,440,-177,585,440,-177,619,432,-72,584,433,-61,602,418,-157,590,418,-154,646,362,-69,550,378,42,655,281,-107,501,331,-19,591,260,-214,469,367,-327,573,248,-245,454,384,-377,567,256,-256,457,390,-389,571,262,-216,462,385,-341,604,211,-21,553,220,21,559,110,-22,540,114,-70,514,29,178,553,8,24,506,28,191,563,3,26,511,0,80,543,-29,-99,
588,428,-237,594,437,-222,598,436,-222,601,436,-222,584,437,-214,580,437,-214,576,437,-214,610,430,-122,575,430,-86,594,416,-201,582,416,-192,639,361,-109,545,370,15,646,281,-128,506,310,-42,603,224,-239,466,320,-316,593,200,-275,453,330,-361,581,210,-294,456,335,-386,584,218,-246,461,330,-335,599,211,-23,551,219,23,558,105,-13,534,109,-53,519,24,174,547,8,43,510,21,187,563,-13,45,517,-9,78,538,-36,-82,
581,424,-253,587,434,-237,591,433,-237,595,433,-237,577,434,-229,574,434,-229,571,434,-229,604,427,-137,570,428,-100,588,413,-216,576,413,-207,634,359,-116,542,360,9,636,277,-129,509,300,-57,613,199,-227,468,292,-319,610,174,-262,454,292,-367,599,178,-284,457,297,-397,598,186,-235,463,297,-339,592,208,-36,545,219,36,547,102,-24,520,117,-76,524,24,172,545,14,38,518,18,186,566,-10,41,515,-21,80,529,-31,-85,
577,422,-287,583,432,-274,587,431,-274,591,431,-274,573,432,-265,570,432,-265,566,432,-265,600,425,-178,566,426,-139,584,411,-251,571,411,-240,630,355,-145,540,355,-31,637,267,-134,514,284,-52,629,188,-219,469,274,-263,611,166,-248,455,271,-303,612,165,-276,456,275,-338,617,172,-230,461,276,-284,589,200,-38,542,214,38,544,97,7,511,117,-85,528,25,269,546,15,41,527,19,290,563,1,48,521,-16,191,534,-29,-65,
571,424,-294,577,433,-280,581,433,-280,585,432,-280,568,433,-272,565,433,-272,562,432,-272,594,425,-184,564,426,-150,578,412,-259,566,412,-249,629,356,-141,538,352,-52,647,271,-122,520,277,-47,654,203,-210,469,267,-240,659,182,-236,455,264,-281,656,181,-269,455,268,-307,651,185,-224,460,269,-279,589,200,-33,541,212,33,544,97,1,514,115,-68,524,23,220,547,15,72,520,18,236,562,4,80,519,-15,140,537,-30,-35,
569,429,-292,576,439,-277,580,438,-277,584,438,-277,566,438,-270,563,438,-270,561,437,-270,593,431,-179,562,431,-147,576,418,-255,565,417,-246,628,365,-136,537,352,-48,648,286,-116,524,285,-46,675,220,-209,475,266,-234,686,200,-237,461,260,-270,681,198,-270,459,262,-301,676,203,-224,462,265,-259,588,203,-35,541,214,35,547,98,-9,521,115,-41,529,24,209,547,15,87,523,18,221,561,5,93,522,-14,106,535,-29,-21,
569,437,-277,576,448,-261,580,448,-261,584,448,-261,566,448,-255,563,447,-255,560,447,-255,593,443,-161,561,442,-136,577,426,-239,565,425,-232,630,376,-123,536,364,-40,663,309,-86,525,294,-20,689,227,-187,485,265,-186,699,216,-216,473,256,-222,693,216,-252,470,260,-265,688,221,-203,474,263,-210,591,214,-33,542,221,33,554,109,-10,526,118,-19,530,24,160,547,16,96,521,16,169,558,6,100,521,-12,52,525,-11,-11,
573,446,-236,580,457,-219,584,457,-219,588,457,-219,569,457,-216,565,457,-216,562,457,-216,594,452,-115,561,452,-100,580,434,-196,568,434,-192,632,385,-58,531,375,-22,673,328,-6,525,306,15,695,253,-97,501,270,-116,703,226,-122,495,257,-147,695,217,-158,494,259,-182,690,229,-112,497,263,-134,595,220,-27,543,224,28,563,110,-21,528,113,-10,539,27,202,539,16,173,532,19,218,544,8,184,535,-8,94,520,-11,61,
576,451,-222,583,462,-206,587,462,-206,590,462,-206,571,463,-203,567,463,-203,564,463,-203,596,458,-102,562,458,-87,583,439,-183,569,439,-179,634,395,-44,530,384,-18,679,340,-12,520,319,-19,696,270,-117,513,276,-209,704,242,-149,510,261,-255,695,235,-183,515,264,-286,690,246,-132,518,270,-226,602,230,-19,545,233,19,578,121,0,526,129,-35,555,28,198,523,22,113,548,19,215,528,14,122,552,-8,74,509,-13,-1,
579,450,-248,585,461,-230,589,461,-230,593,461,-230,574,462,-231,570,462,-231,567,462,-231,597,458,-106,564,459,-115,586,439,-200,572,439,-202,635,398,-49,531,390,-30,682,342,-5,510,324,-49,696,272,-117,525,283,-248,702,244,-152,530,266,-294,694,240,-186,539,272,-319,689,249,-132,539,277,-262,606,237,-15,546,242,15,599,125,-1,521,134,-66,596,29,181,505,26,41,592,20,189,509,17,43,589,-8,38,497,-8,-110,
580,447,-299,587,458,-281,591,458,-281,594,458,-281,576,458,-283,572,458,-283,569,458,-283,599,455,-161,566,455,-171,587,436,-253,574,436,-255,635,395,-78,532,391,-79,685,337,-40,501,323,-109,695,270,-156,533,285,-308,700,245,-189,544,270,-357,691,244,-218,551,277,-374,687,251,-169,549,282,-317,612,237,-14,547,242,14,617,131,8,518,143,-27,631,29,164,491,37,86,629,20,169,491,26,90,625,-5,23,493,7,-58,
584,445,-287,589,455,-270,592,456,-270,595,456,-270,579,456,-272,575,456,-272,571,457,-272,600,454,-153,567,453,-162,590,435,-242,577,436,-244,636,391,-76,534,387,-64,687,334,-33,499,323,-77,698,272,-145,527,280,-250,702,247,-179,536,264,-295,692,246,-211,544,271,-305,688,253,-159,542,277,-253,615,235,-15,548,240,15,638,130,-31,511,141,-25,658,27,67,480,35,73,657,16,67,482,23,73,655,-7,-80,468,9,-64,
591,421,-300,596,432,-285,599,432,-285,602,432,-285,585,433,-286,581,434,-286,577,435,-286,606,432,-167,571,435,-171,594,411,-253,583,412,-254,638,387,-92,534,377,-56,691,333,-43,499,320,25,703,278,-130,512,254,-25,707,253,-158,515,233,-42,696,253,-188,527,235,-75,692,259,-143,530,242,-39,619,233,-22,551,238,22,654,130,-137,508,142,-78,685,22,-90,475,33,-18,682,9,-94,482,16,-20,699,-6,-227,434,26,-139,
600,396,-387,606,407,-370,609,408,-370,612,408,-370,595,409,-375,591,410,-375,587,411,-375,615,408,-237,581,412,-260,603,388,-335,592,388,-341,641,373,-148,535,350,-149,692,332,-168,495,286,-124,708,290,-314,463,214,-162,715,271,-352,445,200,-70,704,269,-376,448,198,-221,699,275,-328,456,202,-186,624,221,-12,556,223,13,671,128,-187,501,142,-136,693,20,-117,476,31,-36,685,5,-118,481,12,-34,728,4,-239,425,22,-151,
610,374,-453,615,385,-435,617,386,-435,620,386,-435,605,387,-440,601,388,-440,597,389,-440,621,386,-300,590,389,-318,612,365,-400,602,365,-405,644,356,-229,541,329,-209,692,330,-357,495,263,-228,711,303,-599,440,204,-318,719,289,-654,418,190,-341,707,288,-671,419,189,-386,701,292,-613,428,193,-338,630,208,-7,560,209,7,695,132,-272,486,143,-247,699,20,-164,473,30,-125,688,5,-161,482,8,-121,740,3,-297,421,17,-255,
615,359,-431,619,370,-414,621,371,-414,623,371,-414,611,371,-417,607,373,-417,604,374,-417,624,372,-281,596,375,-290,615,351,-378,607,351,-380,649,344,-203,547,314,-179,691,327,-331,496,251,-192,708,309,-566,436,196,-289,718,302,-622,415,183,-317,704,301,-634,415,181,-356,698,302,-580,425,184,-308,634,198,-4,565,200,4,709,136,-271,481,143,-264,706,21,-117,468,30,-98,695,6,-108,481,8,-89,751,1,-232,421,14,-219,
615,349,-445,620,360,-429,622,361,-429,625,361,-429,611,361,-436,608,362,-436,604,364,-436,627,364,-292,596,367,-321,617,341,-390,608,342,-398,652,334,-179,549,310,-211,694,308,-234,497,247,-219,732,303,-415,446,187,-309,750,305,-457,428,174,-331,743,305,-479,429,172,-371,731,302,-431,437,176,-327,635,196,7,566,198,-7,709,138,-258,485,142,-280,707,21,-122,467,26,-139,696,6,-115,478,7,-131,751,1,-237,432,6,-267,
613,347,-458,618,358,-446,621,359,-447,624,360,-447,609,358,-450,605,359,-450,602,361,-450,626,364,-319,594,365,-333,615,340,-405,606,340,-409,651,336,-217,550,318,-212,693,298,-324,502,253,-195,683,300,-573,457,192,-282,672,292,-627,430,175,-307,661,293,-634,432,173,-341,660,293,-582,440,178,-297,634,200,4,568,201,-4,702,136,-230,491,133,-226,707,21,-94,470,28,-89,697,6,-87,474,14,-83,748,0,-209,434,4,-216,
613,357,-438,618,366,-428,621,367,-428,624,368,-428,608,366,-428,604,367,-429,600,368,-429,626,372,-307,593,373,-307,614,352,-386,604,352,-386,651,337,-192,552,327,-184,691,276,-264,512,261,-170,644,281,-479,491,200,-231,625,278,-527,479,184,-255,619,289,-529,484,182,-282,623,291,-483,489,187,-241,632,202,10,569,204,-10,688,135,-204,522,129,-168,705,23,-62,474,28,-68,696,8,-55,471,15,-61,734,0,-180,484,3,-197,
601,358,-438,606,365,-436,609,366,-436,613,367,-436,596,365,-433,592,366,-433,589,367,-433,617,375,-332,583,374,-314,607,355,-390,595,355,-385,647,342,-225,551,328,-178,675,268,-269,518,265,-38,616,269,-456,510,208,-100,597,262,-501,504,192,-119,591,273,-506,511,192,-150,595,275,-459,516,196,-111,632,211,-3,571,211,3,674,129,-92,548,127,-94,704,23,-35,476,29,-15,706,9,-39,472,16,-14,732,-2,-182,507,4,-159,
589,357,-380,593,363,-387,597,364,-387,600,366,-387,583,362,-379,580,363,-379,577,364,-379,604,376,-295,571,374,-274,596,355,-341,584,355,-331,641,343,-202,549,334,-118,663,269,-225,520,268,-19,598,262,-352,524,214,-95,580,253,-387,523,196,-116,575,262,-390,530,193,-142,577,265,-352,532,202,-105,630,214,-16,573,214,16,652,125,-76,557,122,-68,702,23,-10,491,30,16,710,11,-12,473,18,18,700,-2,-174,516,4,-112,
576,357,-359,579,364,-362,583,365,-362,586,367,-362,570,363,-357,567,364,-357,564,365,-357,591,378,-284,561,373,-261,585,356,-320,573,356,-313,633,343,-195,541,337,-128,652,270,-196,517,272,-70,588,243,-296,535,222,-156,572,227,-330,539,197,-183,567,237,-339,545,206,-207,569,241,-299,545,216,-166,628,215,-19,572,213,19,649,123,-66,552,124,-50,701,23,-2,495,30,35,708,11,-4,479,18,38,696,-4,-156,511,4,-83,
565,355,-461,567,362,-465,570,364,-465,574,366,-465,558,362,-462,556,362,-462,553,363,-462,580,376,-374,551,370,-359,573,354,-417,563,353,-413,625,345,-261,530,337,-225,648,272,-245,511,272,-212,601,229,-345,539,229,-335,590,209,-382,548,206,-370,580,219,-394,553,218,-386,582,226,-350,553,226,-341,625,221,-16,568,217,16,650,124,-78,550,125,-71,703,23,-6,494,29,20,704,12,-6,481,17,23,696,-16,-156,502,3,-103,
551,352,-462,554,360,-463,557,361,-463,559,363,-463,545,359,-459,543,360,-459,540,361,-459,565,372,-371,540,367,-348,559,350,-417,549,349,-411,615,346,-258,519,335,-219,647,276,-240,501,267,-214,619,211,-335,538,234,-347,612,188,-373,550,219,-386,603,193,-397,555,229,-404,604,200,-345,553,234,-356,625,223,-15,565,218,15,674,125,-103,516,129,-90,704,23,-28,490,30,7,701,12,-28,484,17,11,716,-9,-161,460,8,-102,
538,346,-481,541,355,-480,544,357,-480,548,358,-480,533,355,-473,530,355,-473,528,356,-473,554,367,-380,529,363,-348,547,344,-434,536,343,-425,609,341,-247,510,329,-222,650,271,-214,487,253,-252,646,203,-300,535,238,-412,656,181,-331,549,229,-448,646,181,-357,554,239,-457,640,189,-310,551,243,-415,622,222,-10,559,217,10,683,145,-215,497,137,-155,701,27,-111,479,33,-51,696,12,-108,484,17,-46,735,7,-235,431,21,-156,
541,340,-530,542,352,-523,546,355,-522,548,357,-523,532,348,-517,529,348,-518,525,349,-518,551,365,-403,520,355,-379,548,338,-478,538,335,-472,601,337,-257,502,315,-252,654,267,-229,481,235,-331,694,201,-329,534,242,-523,714,186,-363,551,239,-567,706,184,-386,557,249,-569,698,188,-339,553,251,-526,619,216,-7,553,211,7,696,154,-280,481,149,-258,698,31,-154,470,34,-126,686,12,-149,482,16,-119,739,15,-286,420,19,-244,
540,336,-523,540,349,-514,543,351,-514,545,353,-514,530,345,-512,526,344,-512,522,344,-512,545,358,-389,514,345,-378,546,333,-469,536,328,-466,592,333,-244,495,303,-260,658,274,-231,479,226,-372,725,211,-341,534,249,-581,744,198,-374,554,252,-625,742,199,-404,557,261,-622,736,206,-361,553,261,-582,614,209,-6,548,202,6,700,150,-286,468,154,-268,697,30,-169,465,35,-141,683,10,-165,480,16,-134,741,11,-304,417,17,-257,
531,336,-512,533,349,-502,537,351,-501,540,353,-502,523,345,-499,519,344,-499,516,344,-499,544,357,-380,511,346,-365,539,332,-461,528,328,-457,593,328,-244,496,300,-263,668,294,-238,479,222,-384,731,249,-345,532,257,-590,754,241,-378,551,266,-633,752,237,-405,554,274,-626,744,237,-365,550,272,-589,613,203,-6,549,197,6,696,147,-281,468,155,-256,697,30,-141,465,35,-119,683,10,-134,479,16,-110,738,11,-269,417,16,-226,
528,339,-500,530,351,-490,534,353,-490,538,355,-490,520,348,-485,518,348,-485,515,348,-485,544,359,-377,514,350,-353,538,334,-452,526,330,-445,597,330,-256,499,304,-257,682,314,-270,481,228,-390,731,261,-371,534,271,-590,753,249,-396,555,282,-633,749,245,-421,557,289,-622,740,245,-384,551,286,-588,613,204,-11,550,198,11,692,140,-260,474,154,-227,696,30,-117,466,37,-91,684,10,-111,479,17,-84,733,10,-246,419,17,-215,
531,344,-531,535,356,-527,539,357,-527,543,358,-527,525,355,-517,522,355,-517,520,355,-517,551,361,-434,521,355,-384,542,335,-491,530,331,-476,602,331,-319,504,309,-279,688,329,-342,483,235,-417,721,265,-414,542,280,-623,740,248,-439,564,290,-667,734,245,-457,565,297,-656,725,246,-422,560,294,-621,614,206,-24,551,200,24,674,131,-257,481,153,-159,697,26,-138,468,37,-42,693,10,-135,479,17,-36,719,-7,-288,427,19,-150,
537,361,-519,541,373,-516,544,373,-516,548,374,-516,530,373,-507,527,373,-507,522,373,-507,557,375,-424,533,374,-381,547,351,-478,535,351,-467,612,338,-293,509,322,-267,693,332,-237,484,244,-366,708,267,-223,550,282,-560,721,245,-225,573,287,-603,715,243,-243,574,296,-590,709,247,-226,570,295,-556,616,217,-24,557,213,24,643,130,-186,500,146,-110,696,27,-104,469,35,-40,699,16,-105,476,17,-37,687,-6,-262,460,12,-160,
556,380,-396,564,390,-389,568,390,-389,571,389,-389,554,391,-387,551,391,-387,548,392,-387,579,387,-297,551,390,-284,564,369,-357,553,370,-353,623,345,-189,519,333,-190,696,331,-111,491,258,-251,695,262,-117,559,278,-405,706,243,-121,581,279,-439,698,242,-135,584,288,-429,692,245,-119,579,289,-400,618,223,-22,561,220,22,626,130,-118,525,137,-82,689,30,-64,470,35,-31,701,18,-66,473,20,-31,667,-2,-200,478,11,-148,
582,391,-315,589,401,-303,592,400,-303,595,400,-303,580,404,-304,577,405,-304,573,406,-304,599,398,-197,571,404,-202,587,381,-270,576,383,-272,636,351,-98,531,343,-113,699,324,-18,496,270,-168,682,260,-21,560,274,-317,686,240,-24,582,272,-349,677,241,-37,586,281,-344,673,244,-22,580,283,-314,622,223,-17,566,221,17,624,130,-164,541,134,-96,687,30,-144,475,35,-115,701,17,-147,473,22,-116,669,-2,-286,480,7,-240,
602,398,-344,609,408,-330,612,407,-330,616,407,-330,599,411,-332,596,412,-333,592,413,-333,620,403,-216,586,410,-226,607,387,-297,595,389,-300,652,353,-120,543,351,-121,698,323,-76,505,281,-166,675,253,-140,562,272,-342,678,230,-160,580,259,-383,670,234,-179,585,269,-385,667,241,-147,581,274,-343,627,223,-17,568,225,16,637,130,-113,532,135,-113,689,31,-74,477,36,-109,704,18,-80,474,24,-110,672,-1,-236,479,7,-249,
626,398,-391,632,408,-378,635,408,-378,638,407,-378,623,410,-380,619,412,-380,615,413,-380,639,404,-256,605,411,-268,629,388,-342,618,389,-345,666,353,-145,554,356,-156,697,309,-52,512,292,-145,677,247,-89,556,256,-251,679,223,-104,576,240,-282,671,227,-129,578,249,-300,668,236,-97,574,256,-258,631,222,-15,569,225,15,665,130,-150,526,135,-148,694,25,-81,480,37,-59,703,14,-82,482,24,-54,672,-8,-234,477,7,-185,
649,395,-397,654,405,-382,656,405,-382,658,405,-382,645,408,-389,642,409,-389,638,410,-389,656,403,-252,626,410,-281,649,386,-344,640,387,-353,678,352,-135,567,360,-170,701,301,-42,522,303,-130,679,241,-101,541,243,-210,682,219,-120,540,219,-237,675,222,-150,549,224,-267,670,230,-113,553,230,-221,636,223,-1,570,230,0,689,131,-135,506,148,-196,699,26,-19,482,40,-58,700,13,-15,490,24,-51,722,4,-132,451,16,-176,
664,392,-393,669,402,-373,671,402,-373,674,401,-373,661,404,-383,657,406,-383,653,407,-383,672,400,-234,642,407,-278,665,382,-338,654,383,-351,689,348,-113,581,360,-173,707,295,2,531,304,-142,690,239,-24,519,230,-220,691,219,-36,507,208,-246,683,222,-67,516,207,-280,680,228,-35,524,212,-234,642,223,6,575,228,-6,706,143,-188,494,159,-231,709,30,-40,482,41,-68,699,13,-33,492,23,-58,745,8,-150,437,19,-190,
678,389,-322,684,399,-299,686,399,-299,687,398,-299,675,401,-309,671,402,-309,667,404,-309,686,398,-159,656,403,-203,679,380,-268,668,380,-281,697,339,-77,592,357,-107,714,283,-55,537,298,-81,702,230,-171,500,224,-163,703,212,-212,483,209,-190,696,214,-241,489,207,-230,693,220,-188,496,210,-180,642,214,4,575,223,-4,720,149,-209,484,161,-248,712,32,-40,481,41,-68,699,13,-30,491,23,-58,750,11,-143,434,19,-189,
687,387,-264,693,397,-241,695,397,-241,697,397,-241,684,399,-248,680,401,-248,675,402,-248,694,397,-105,665,401,-140,688,378,-213,676,379,-223,701,335,-39,600,356,-54,718,276,-47,542,297,-31,709,222,-196,495,231,-118,713,203,-237,476,217,-144,704,205,-265,482,214,-185,701,211,-211,490,217,-136,641,212,4,576,222,-4,720,152,-231,488,161,-252,712,33,-74,481,41,-89,699,13,-61,491,22,-79,750,10,-169,435,19,-211,
688,386,-307,694,397,-286,697,396,-286,699,396,-286,685,399,-294,681,400,-294,676,402,-294,695,396,-151,667,401,-188,688,377,-255,676,378,-266,703,336,-65,604,358,-99,722,275,-26,545,300,-76,714,214,-131,498,235,-158,719,194,-163,481,221,-184,710,195,-193,486,219,-224,706,202,-146,493,222,-176,640,212,7,576,223,-8,714,150,-213,491,159,-228,712,33,-61,480,41,-87,699,13,-50,490,22,-75,749,9,-158,438,19,-204,
684,390,-338,690,400,-321,692,400,-321,694,399,-321,681,403,-326,678,405,-326,674,406,-326,694,398,-192,664,407,-204,685,380,-287,674,382,-293,707,337,-97,606,363,-139,724,272,-49,549,309,-109,715,208,-143,507,242,-187,720,188,-171,495,222,-214,711,189,-201,500,224,-248,707,197,-156,506,227,-202,639,214,17,576,226,-17,706,141,-138,515,146,-131,710,33,-3,481,41,4,698,13,4,489,23,11,743,10,-104,458,16,-123,
681,392,-348,687,403,-331,690,402,-331,693,402,-331,679,406,-330,675,407,-330,671,409,-330,693,401,-205,661,411,-237,682,382,-298,671,385,-299,707,338,-103,606,374,-152,723,272,-44,548,327,-114,712,209,-150,533,263,-201,716,187,-175,524,242,-231,707,189,-208,534,241,-260,704,198,-162,540,247,-212,638,219,23,578,234,-23,685,134,-22,539,143,-159,710,29,70,484,43,-81,699,13,72,480,27,-82,724,3,-46,499,15,-236,
679,396,-383,686,406,-367,688,406,-367,691,405,-367,677,410,-374,673,412,-374,670,414,-374,692,405,-241,660,416,-278,679,386,-331,668,390,-340,705,341,-125,604,381,-179,721,272,-70,543,333,-164,709,210,-199,564,275,-271,715,188,-233,565,255,-310,706,191,-261,576,257,-325,702,199,-212,578,264,-277,638,223,17,579,236,-17,660,132,49,553,139,-169,705,29,174,485,43,-96,702,18,178,473,28,-96,699,3,45,509,13,-256,
675,403,-349,683,413,-335,685,412,-335,688,412,-335,673,416,-339,669,418,-339,666,420,-339,690,410,-214,658,421,-238,677,391,-299,665,396,-306,703,343,-103,605,385,-163,721,273,-57,542,336,-213,704,210,-190,597,292,-401,704,188,-218,610,277,-447,698,191,-246,619,281,-450,697,199,-204,615,285,-402,638,225,16,578,238,-16,650,130,75,551,136,-116,701,31,235,485,43,-23,702,22,244,470,28,-20,694,3,116,506,11,-178,
673,406,-336,681,416,-320,684,416,-320,686,415,-319,671,420,-323,667,422,-323,663,423,-323,689,413,-192,657,424,-206,675,395,-284,663,399,-289,703,345,-87,608,388,-144,715,273,-59,545,343,-269,696,212,-184,611,314,-493,693,190,-211,630,303,-546,687,193,-242,639,307,-538,686,200,-198,635,310,-492,639,225,15,578,237,-15,659,131,-10,541,136,-73,701,30,132,484,43,85,702,22,138,472,28,95,697,0,-7,492,12,-62,
674,406,-326,681,417,-308,684,416,-308,687,416,-308,671,420,-310,667,421,-310,664,423,-310,690,414,-177,657,423,-185,676,395,-273,664,399,-276,704,345,-70,610,387,-127,712,272,-54,549,350,-269,691,207,-171,611,318,-495,687,189,-199,629,309,-545,682,193,-225,639,314,-537,681,199,-183,634,317,-495,639,224,13,578,236,-13,681,131,-155,521,140,-120,703,30,5,479,42,30,701,19,14,473,27,39,714,-1,-119,452,20,-103,
685,405,-322,690,417,-301,693,416,-301,695,416,-301,681,419,-304,677,420,-304,673,422,-304,695,414,-162,663,422,-175,686,394,-268,675,397,-272,708,343,-59,614,386,-115,711,270,-44,550,350,-236,689,200,-157,595,305,-449,685,183,-187,608,292,-498,680,187,-215,616,297,-499,680,192,-170,613,301,-453,639,224,12,577,236,-12,700,142,-191,501,148,-146,706,34,-27,470,43,17,700,19,-16,473,24,27,738,10,-132,423,29,-111,
